v1 = [1 2 3
6 7 8
9 5 4]  %colocar uma matriz logo completa
v1 = [1:3; 5:7; 9 8 4]

v1(2,2)
v1(2,2) = 10
v1(2,2)

v1 + 10
